  0.918154E-02  0.100000E+00  0.191841E-04  0.800000E+01
  0.918154E-02  0.300000E+00           NaN  0.000000E+00
  0.918154E-02  0.500000E+00           NaN  0.000000E+00
  0.918154E-02  0.700000E+00           NaN  0.000000E+00
  0.918154E-02  0.900000E+00           NaN  0.000000E+00
  0.119665E-01  0.100000E+00  0.249545E-04  0.900000E+01
  0.119665E-01  0.300000E+00           NaN  0.000000E+00
  0.119665E-01  0.500000E+00           NaN  0.000000E+00
  0.119665E-01  0.700000E+00           NaN  0.000000E+00
  0.119665E-01  0.900000E+00           NaN  0.000000E+00
  0.155962E-01  0.100000E+00  0.246849E-04  0.360000E+02
  0.155962E-01  0.300000E+00           NaN  0.000000E+00
  0.155962E-01  0.500000E+00           NaN  0.000000E+00
  0.155962E-01  0.700000E+00           NaN  0.000000E+00
  0.155962E-01  0.900000E+00           NaN  0.000000E+00
  0.203268E-01  0.100000E+00  0.253840E-04  0.650000E+02
  0.203268E-01  0.300000E+00           NaN  0.000000E+00
  0.203268E-01  0.500000E+00           NaN  0.000000E+00
  0.203268E-01  0.700000E+00           NaN  0.000000E+00
  0.203268E-01  0.900000E+00           NaN  0.000000E+00
  0.264924E-01  0.100000E+00  0.237510E-04  0.141000E+03
  0.264924E-01  0.300000E+00           NaN  0.000000E+00
  0.264924E-01  0.500000E+00           NaN  0.000000E+00
  0.264924E-01  0.700000E+00           NaN  0.000000E+00
  0.264924E-01  0.900000E+00           NaN  0.000000E+00
  0.345281E-01  0.100000E+00  0.189182E-04  0.306000E+03
  0.345281E-01  0.300000E+00           NaN  0.000000E+00
  0.345281E-01  0.500000E+00           NaN  0.000000E+00
  0.345281E-01  0.700000E+00           NaN  0.000000E+00
  0.345281E-01  0.900000E+00           NaN  0.000000E+00
  0.450012E-01  0.100000E+00  0.142564E-04  0.686000E+03
  0.450012E-01  0.300000E+00           NaN  0.000000E+00
  0.450012E-01  0.500000E+00           NaN  0.000000E+00
  0.450012E-01  0.700000E+00           NaN  0.000000E+00
  0.450012E-01  0.900000E+00           NaN  0.000000E+00
  0.586511E-01  0.100000E+00  0.115652E-04  0.144200E+04
  0.586511E-01  0.300000E+00           NaN  0.000000E+00
  0.586511E-01  0.500000E+00           NaN  0.000000E+00
  0.586511E-01  0.700000E+00           NaN  0.000000E+00
  0.586511E-01  0.900000E+00           NaN  0.000000E+00
  0.764412E-01  0.100000E+00  0.877854E-05  0.313500E+04
  0.764412E-01  0.300000E+00           NaN  0.000000E+00
  0.764412E-01  0.500000E+00           NaN  0.000000E+00
  0.764412E-01  0.700000E+00           NaN  0.000000E+00
  0.764412E-01  0.900000E+00           NaN  0.000000E+00
  0.996275E-01  0.100000E+00  0.572643E-05  0.710100E+04
  0.996275E-01  0.300000E+00           NaN  0.000000E+00
  0.996275E-01  0.500000E+00           NaN  0.000000E+00
  0.996275E-01  0.700000E+00           NaN  0.000000E+00
  0.996275E-01  0.900000E+00           NaN  0.000000E+00
  0.129847E+00  0.100000E+00  0.402709E-05  0.154210E+05
  0.129847E+00  0.300000E+00           NaN  0.000000E+00
  0.129847E+00  0.500000E+00           NaN  0.000000E+00
  0.129847E+00  0.700000E+00           NaN  0.000000E+00
  0.129847E+00  0.900000E+00           NaN  0.000000E+00
  0.169232E+00  0.100000E+00  0.246742E-05  0.301140E+05
  0.169232E+00  0.300000E+00  0.296919E-05  0.394500E+04
  0.169232E+00  0.500000E+00           NaN  0.000000E+00
  0.169232E+00  0.700000E+00           NaN  0.000000E+00
  0.169232E+00  0.900000E+00           NaN  0.000000E+00
  0.220564E+00  0.100000E+00  0.146539E-05  0.441120E+05
  0.220564E+00  0.300000E+00  0.171724E-05  0.306120E+05
  0.220564E+00  0.500000E+00  0.172855E-05  0.298000E+03
  0.220564E+00  0.700000E+00           NaN  0.000000E+00
  0.220564E+00  0.900000E+00           NaN  0.000000E+00
  0.287465E+00  0.100000E+00  0.942764E-06  0.618360E+05
  0.287465E+00  0.300000E+00  0.937894E-06  0.601080E+05
  0.287465E+00  0.500000E+00  0.923799E-06  0.400320E+05
  0.287465E+00  0.700000E+00  0.793403E-06  0.323200E+04
  0.287465E+00  0.900000E+00           NaN  0.000000E+00
  0.374659E+00  0.100000E+00  0.636244E-06  0.833280E+05
  0.374659E+00  0.300000E+00  0.579942E-06  0.802840E+05
  0.374659E+00  0.500000E+00  0.525534E-06  0.804200E+05
  0.374659E+00  0.700000E+00  0.501840E-06  0.729560E+05
  0.374659E+00  0.900000E+00  0.423258E-06  0.395070E+05
  0.488302E+00  0.100000E+00  0.449909E-06  0.104472E+06
  0.488302E+00  0.300000E+00  0.407112E-06  0.989640E+05
  0.488302E+00  0.500000E+00  0.360671E-06  0.989920E+05
  0.488302E+00  0.700000E+00  0.310574E-06  0.990760E+05
  0.488302E+00  0.900000E+00  0.286782E-06  0.992080E+05
  0.636414E+00  0.100000E+00  0.322341E-06  0.113392E+06
  0.636414E+00  0.300000E+00  0.311354E-06  0.105688E+06
  0.636414E+00  0.500000E+00  0.279138E-06  0.105172E+06
  0.636414E+00  0.700000E+00  0.253975E-06  0.105080E+06
  0.636414E+00  0.900000E+00  0.232153E-06  0.105332E+06
  0.829452E+00  0.100000E+00  0.245397E-06  0.858600E+05
  0.829452E+00  0.300000E+00  0.238899E-06  0.706360E+05
  0.829452E+00  0.500000E+00  0.234778E-06  0.713840E+05
  0.829452E+00  0.700000E+00  0.229328E-06  0.712720E+05
  0.829452E+00  0.900000E+00  0.224900E-06  0.711200E+05
  0.108104E+01  0.100000E+00  0.181624E-06  0.940720E+05
  0.108104E+01  0.300000E+00  0.179601E-06  0.676720E+05
  0.108104E+01  0.500000E+00  0.176352E-06  0.676000E+05
  0.108104E+01  0.700000E+00  0.178112E-06  0.674240E+05
  0.108104E+01  0.900000E+00  0.174897E-06  0.678640E+05
  0.140895E+01  0.100000E+00  0.175148E-06  0.458888E+06
  0.140895E+01  0.300000E+00  0.170657E-06  0.412688E+06
  0.140895E+01  0.500000E+00  0.153316E-06  0.415304E+06
  0.140895E+01  0.700000E+00  0.145222E-06  0.414872E+06
  0.140895E+01  0.900000E+00  0.131920E-06  0.414892E+06
