  0.918154E-02  0.221597E+05  0.310480E+04 -0.646580E+04  0.120000E+02
  0.119665E-01  0.265569E+05  0.355477E+04  0.210661E+04  0.140000E+02
  0.155962E-01  0.267296E+05  0.377478E+04 -0.203078E+04  0.600000E+02
  0.203268E-01  0.264870E+05  0.389919E+04  0.147317E+04  0.110000E+03
  0.264924E-01  0.246493E+05  0.330428E+04 -0.503476E+03  0.258000E+03
  0.345281E-01  0.192247E+05  0.262084E+04  0.262801E+03  0.560000E+03
  0.450013E-01  0.144993E+05  0.192865E+04 -0.283222E+02  0.128000E+04
  0.586511E-01  0.116706E+05  0.158739E+04  0.182302E+03  0.274000E+04
  0.764412E-01  0.890624E+04  0.102918E+04 -0.563050E+02  0.603400E+04
  0.996275E-01  0.577391E+04  0.643137E+03  0.630480E+01  0.137620E+05
  0.129847E+00  0.398896E+04  0.383263E+03  0.299702E+02  0.301260E+05
  0.169232E+00  0.249446E+04  0.196553E+03  0.934579E+01  0.669020E+05
  0.220563E+00  0.151799E+04  0.811696E+02  0.870871E+01  0.147960E+06
  0.287465E+00  0.881219E+03  0.904268E+01  0.814818E+01  0.326888E+06
  0.374659E+00  0.494093E+03 -0.187000E+02  0.911108E+01  0.724896E+06
  0.488302E+00  0.265874E+03 -0.256110E+02  0.882659E+01  0.160358E+07
  0.636414E+00  0.136154E+03 -0.218841E+02  0.771286E+01  0.355246E+07
  0.829452E+00  0.662064E+02 -0.148687E+02  0.586462E+01  0.785948E+07
  0.108104E+01  0.292942E+02 -0.828811E+01  0.369363E+01  0.174065E+08
  0.140895E+01  0.115578E+02 -0.396739E+01  0.206575E+01  0.385306E+08
